0,243
0,386
0,532
91,35
0,531
0,472
9,5
3,2
3,1
3,3
10,206
10,251
10,265
10,127
10,160
10,177
10,215
10,112
10,2
10,3
11,14
11,20
9,7
9,4
9,1
9,6
9,2
9,3
8,6
8,17
8,16
8,2
8,3
84,5
84,4
84,3
84,2
84,1
84,0
78,4
78,3
78,2
78,1
78,0
76,3
76,2
76,1
76,0
69,4
69,3
69,2
69,1
69,0
67,4
67,3
67,2
67,1
67,0
59,4
59,3
59,2
59,1
59,0
56,4
56,3
56,2
56,1
56,0
55,4
55,3
55,2
55,1
55,0
54,4
54,3
54,2
54,1
54,0
49,4
49,3
49,2
49,1
49,0
48,4
48,3
48,2
48,1
48,0
46,5
46,4
46,3
46,2
46,1
46,0
43,5
43,4
43,3
43,1
41,3
41,1
39,3
39,1
29,3
29,1
20,3
20,2
20,1
19,3
19,2
19,1
12,3
18,1
12,2
18,3
12,1
11,29
11,28
11,27
11,26
11,25
11,24
14,1
11,23
